1 54.816 13.189
2 71.155 30.225
3 93.833 19.272
4 76.199 16.564
5 96.609 87.361
6 10.752 64.932
7 21.805 51.16
8 85.031 15.492
9 21.71 7.332
10 6.351 49.889
11 16.303 12.884
12 69.815 29.175
13 33.909 33.775
14 84.162 27.192
15 64.806 93.578
16 57.114 28.291
17 13.818 65.279
18 17.562 40.175
19 81.518 78.252
20 27.725 36.635
21 28.902 29.138
22 49.695 11.644
23 11.51 14.69
24 32.997 53.498
25 31.927 43.039
26 77.38 78.158
27 42.23 88.643
28 0.075 58.227
29 68.368 40.547
30 42.783 25.875
31 76.617 19.277
32 56.427 71.544
33 82.883 92.8
34 16.453 15.515
35 27.709 82.674
36 58.088 73.305
37 43.476 52.777
38 97.918 39.175
39 42.953 65.554
40 86.388 90.338
41 52.949 4.139
42 9.458 2.767
43 0.29 64.281
44 36.773 9.101
45 80.755 60.087
46 51.014 84.052
47 9.657 45.046
48 58.463 48.274
49 21.677 77.772
50 85.74 99.5
51 60.353 19.776
52 24.27 3.194
53 98.475 42.558
54 27.208 1.996
55 31.425 97.339
56 66.61 8.611
57 23.071 93.911
58 31.833 76.853
59 65.165 6.987
60 87.298 84.133
61 92.811 10.592
62 23.762 32.183
63 82.003 56.523
64 96.742 77.685
65 7.263 59.079
66 8.689 82.118
67 1.101 27.819
68 61.677 83.03
69 12.258 82.543
70 9.599 37.929
71 77.263 45.52
72 67.766 46.728
73 66.039 79.097
74 48.007 18.902
75 1.496 45.72
76 22.035 31.018
77 19.874 18.452
78 98.121 33.585
79 91.505 3.75
80 53.452 88.919
81 61.613 21.561
82 66.763 54.929
83 52.529 55.572
84 68.411 78.923
85 4.749 97.075
86 61.874 37.393
87 10.522 22.604
88 6.503 77.481
89 21.979 9.788
90 44.809 71.787
91 16.769 83.577
92 96.632 67.425
93 7.714 76.378
94 86.819 41.91
95 87.839 34.561
96 7.271 84.053
97 25.7 88.7
98 71.296 41.478
99 59.287 53.954
100 33.535 79.81
101 83.357 20.787
102 61.552 76.748
103 50.081 79.821
104 94.306 74.841
105 17.575 95.404
106 89.14 30.908
107 81.626 7.627
108 78.533 56.292
109 88.687 42.765
110 70.728 80.911
111 80.342 25.601
112 8.03 40.581
113 30.283 98.882
114 6.239 84.062
115 71.899 80.626
116 17.725 82.809
117 89.896 85.803
118 67.975 65.453
119 78.865 88.0
120 84.572 7.042
121 5.953 54.685
122 0.231 72.464
123 82.032 41.482
124 50.895 23.494
125 30.759 41.468
126 28.7 76.746
127 31.297 47.562
128 43.573 59.79
129 54.008 0.936
130 91.359 54.289
131 60.081 95.183
132 61.7 70.129
133 73.213 37.192
134 53.97 45.603
135 82.065 67.167
136 88.694 9.3
137 46.633 13.205
138 79.997 22.35
139 2.527 28.28
140 41.44 80.581
141 59.913 71.149
142 87.003 37.078
143 8.333 16.863
144 75.662 10.015
145 59.269 82.066
146 10.811 23.015
147 96.128 75.916
148 47.202 6.836
149 79.218 50.723
150 92.181 52.307
151 9.991 91.177
152 87.8 40.85
153 61.045 96.325
154 14.447 74.509
155 15.462 78.307
156 95.282 0.717
157 44.484 75.107
158 65.198 97.257
159 99.563 12.012
160 64.103 45.96
161 8.088 60.28
162 47.092 88.021
163 24.276 27.271
164 93.154 95.514
165 54.228 98.677
166 12.92 43.957
167 2.5 87.874
168 11.812 88.438
169 85.066 80.631
170 62.216 44.768
171 51.609 20.899
172 99.378 15.907
173 91.432 72.644
174 98.922 93.751
175 42.97 85.762
176 91.866 74.478
177 4.788 58.028
178 88.762 72.859
179 21.576 48.382
180 20.171 2.361
181 42.373 13.328
182 79.854 43.852
183 75.65 36.553
184 70.397 73.702
185 67.04 98.462
186 96.016 38.287
187 70.714 62.413
188 55.885 92.656
189 9.125 99.74
190 58.481 59.145
191 97.439 64.82
192 67.638 12.333
193 30.516 67.147
194 86.983 24.665
195 30.394 35.126
196 53.379 72.848
197 85.801 52.578
198 39.563 38.483
199 71.451 68.497
200 97.29 26.395
