1 35.185 43.019
2 45.367 34.347
3 51.244 39.242
4 4.091 41.853
5 2.366 10.246
6 26.381 96.557
7 48.155 54.669
8 91.74 89.874
9 56.757 23.005
10 52.327 35.908
11 95.776 3.326
12 37.417 68.76
13 60.098 55.779
14 76.19 23.862
15 84.062 91.495
16 3.528 33.393
17 36.284 38.358
18 54.013 25.283
19 64.881 88.111
20 92.701 84.563
21 21.855 74.418
22 77.307 60.466
23 67.485 28.632
24 77.294 23.898
25 55.527 26.159
26 53.268 4.011
27 31.221 77.966
28 26.024 73.021
29 79.961 60.634
30 62.741 20.709
31 48.54 96.234
32 98.537 55.804
33 44.389 98.113
34 54.699 80.433
35 8.278 26.575
36 81.266 54.686
37 78.234 43.561
38 91.848 3.318
39 26.501 64.429
40 51.697 67.411
41 47.181 70.819
42 79.848 31.499
43 2.223 24.302
44 34.596 99.38
45 95.815 69.179
46 17.668 92.096
47 12.788 13.666
48 78.51 34.406
49 39.236 26.687
50 0.045 12.238